
===============================================
入库流量
-----------------------------------------------------
383.20  
378.70  
369.90  
445.20  
422.10  
366.90  
374.80  
290.40  
280.10  
222.10  
166.80  
148.10  
138.80  
100.60   
49.30   
41.00   
38.00   
79.00  
337.07  
360.50
   
===================================================================
起调水位
-----------------------------------------------
  396.72  397.72    398.72     399.72     
==================================================
末水位
-----------------------------------------------
  399.92   400.92    401.92     402.92 
================================================

   
