水位_库容_耗水率_预想出力关系曲线上离散点个数
---------------------------------------------
白山:n1=71  
===================================================
白山ZKSW------vkr--------hsl------yxcl--
  330.0000  264.0000    6.5000  600.0000
  335.0000  362.6000    6.5000  600.0000
  340.0000  481.0000    6.5000  600.0000
  345.0000  620.2000    6.5000  600.0000
  350.0000  781.0000    6.5000  600.0000
  355.0000  964.5000    6.5000  600.0000
  360.0000 1033.2000    6.5000  650.0000
  361.0000 1072.6000    6.5000  670.0000
  362.0000 1113.0000    6.5000  690.0000
  363.0000 1154.3000    6.2600  710.0000
  364.0000 1196.4000    6.1500  730.0000
  365.0000 1239.6000    6.0600  750.0000
  366.0000 1283.7000    5.9700  770.0000
  367.0000 1329.0000    5.8800  790.0000
  368.0000 1373.3000    5.7900  810.0000
  369.0000 1426.6000    5.7100  830.0000
  370.0000 1471.1000    5.6300  850.0000
  371.0000 1520.7000    5.5600  870.0000
  372.0000 1573.5000    5.4800  890.0000
  373.0000 1623.5000    5.4000  910.0000
  374.0000 1677.0000    5.3200  930.0000
  375.0000 1731.8000    5.2400  950.0000
  376.0000 1787.7000    5.1700  970.0000
  377.0000 1845.0000    5.1000  990.0000
  378.0000 1903.5000    5.0400 1010.0000
  379.0000 1963.2000    4.9700 1030.0000
  380.0000 2024.3000    4.9000 1050.0000
  381.0000 2086.7000    4.8300 1065.0000
  382.0000 2150.3000    4.7600 1080.0000
  383.0000 2215.2000    4.6900 1095.0000
  384.0000 2281.4000    4.6300 1110.0000
  385.0000 2348.9000    4.5600 1125.0000
  386.0000 2417.8000    4.5000 1140.0000
  387.0000 2488.1000    4.4500 1155.0000
  388.0000 2559.8000    4.4000 1170.0000
  389.0000 2633.0000    4.3600 1185.0000
  390.0000 2707.6000    4.3200 1200.0000
  391.0000 2783.8000    4.2700 1220.0000
  392.0000 2861.9000    4.2300 1240.0000
  393.0000 2941.7000    4.1800 1260.0000
  394.0000 3023.3000    4.1400 1280.0000
  395.0000 3106.8000    4.1000 1300.0000
  396.0000 3192.2000    4.0600 1320.0000
  397.0000 3279.7000    4.0200 1340.0000
  398.0000 3369.4000    3.9900 1360.0000
  399.0000 3461.2000    3.9500 1380.0000
  400.0000 3555.2000    3.9200 1400.0000
  401.0000 3651.2000    3.8800 1420.0000
  402.0000 3749.0000    3.8500 1440.0000
  403.0000 3848.7000    3.8200 1460.0000
  404.0000 3950.3000    3.7800 1480.0000
  405.0000 4053.9000    3.7400 1500.0000
  406.0000 4159.5000    3.7100 1520.0000
  407.0000 4267.4000    3.6700 1540.0000
  408.0000 4377.7000    3.6300 1550.0000
  409.0000 4490.5000    3.6000 1550.0000
  410.0000 4605.5000    3.5700 1550.0000
  411.0000 4723.2000    3.5400 1550.0000
  412.0000 4843.6000    3.5100 1550.0000
  413.0000 4966.7000    3.4800 1550.0000
  414.0000 5092.6000    3.4500 1550.0000
  415.0000 5221.3000    3.4200 1550.0000
  416.0000 5352.9000    3.3900 1550.0000
  417.0000 5487.5000    3.3700 1550.0000
  418.0000 5625.2000    3.3500 1550.0000
  419.0000 5765.9000    3.3300 1550.0000
  420.0000 5909.7000    3.3200 1550.0000
  421.0000 6056.7000    3.3100 1550.0000
  422.0000 6206.9000    3.3100 1550.0000
  423.0000 6360.3000    3.3100 1550.0000
  424.0000 6517.1000    3.3100 1550.0000
