调度图上指示出力线条数
-----------------------
白山:m1=10
===================================================
调度图上水位值
白山-----------------------------------------------
  
  380.00  387.00  388.60  391.00  405.10  406.40  407.80  409.60  411.20  413.00
  380.00  387.60  389.80  392.50  405.70  406.90  408.30  410.00  411.50  413.00
  380.00  388.20  391.00  394.00  406.20  407.40  408.70  410.40  411.80  413.00
  380.00  388.80  392.20  395.50  406.80  408.00  409.20  410.80  412.10  413.00
  380.00  389.20  392.90  396.60  407.60  408.60  409.80  411.10  412.20  413.00
  380.00  389.70  393.70  397.80  408.40  409.40  410.40  411.40  412.30  413.00
  380.00  390.20  394.50  399.00  409.30  410.20  411.00  411.80  412.50  413.00
  380.00  391.60  396.00  400.70  410.50  411.10  411.60  412.20  412.60  413.00
  380.00  393.00  397.60  402.40  411.70  412.00  412.30  412.60  412.80  413.00
  380.00  394.40  399.20  404.20  413.00  413.00  413.00  413.00  413.00  413.00
  380.00  394.30  399.10  403.90  413.00  413.70  414.20  414.20  414.20  414.20
  380.00  394.10  399.00  403.60  413.00  414.40  415.40  415.40  415.40  415.40
  380.00  393.90  398.80  403.20  413.00  415.20  416.50  416.50  416.50  416.50
  380.00  392.60  397.10  401.80  412.20  414.40  416.50  416.50  416.50  416.50
  380.00  391.00  394.70  399.20  410.60  413.00  415.30  416.50  416.50  416.50
  380.00  388.40  391.40  395.20  407.90  410.50  413.00  415.50  416.50  416.50
  380.00  385.40  387.50  390.00  404.70  407.30  409.90  412.70  415.00  416.50
  380.00  382.60  383.70  384.60  401.40  404.00  406.70  409.50  411.80  416.50
  380.00  382.50  383.60  384.30  398.00  400.60  403.20  405.90  408.40  413.00
  380.00  382.80  383.50  384.20  399.80  402.20  404.70  407.00  409.20  413.00
  
===================================================
调度图上指示出力值

白山-----------------------------------------
    0.00   60.00   83.50  125.30  167.00  200.00  240.00  288.00  346.00  415.00
